Deaths,Confirmed,Recovered,Unemployment (% of labour force),Urban population (% of total population),Health: Physicians (per 1000 pop.),Health: Total expenditure (% of GDP),tuberculosis(per/100k) 2018,obesityRate,totalSmokingRate,Life expectancy(W),Life expectancy(M),deathrate(per/1000),Age 0-14(%),Age 60+(%),averageTemperature,Min temperature,Max Temperature
0.0,0.0028145141454807157,0.0,8.6,26.7,0.3,8.2,189.0,0.055,19.3,63.5,61.0,6.393,43.2,4.1,12.6,-4.55,28.53
0.0,0.03948616513941148,0.0,11.4,70.7,1.9,7.2,69.0,0.27399999999999997,16.5,76.5,74.1,4.723,29.3,9.4,22.5,9.53,35.83
0.0,1.2963106997485156,0.0,4.97,85.1,3.7,8.1,3.0,0.256,32.5,77.0,70.88,7.4,14.4,19.0,7.6,-0.92,24.31
0.0,0.017864848269265782,0.0,6.5,91.8,3.8,4.8,27.0,0.28300000000000003,23.95,79.8,72.2,7.612,24.9,15.4,14.8,4.8,23.29
0.0,0.033809700746957716,0.0,16.6,62.7,2.8,4.5,31.0,0.20199999999999999,26.9,77.0,70.6,9.862,20.0,16.9,7.15,-10.28,25.29
2.0,0.2499682778352176,21.0,5.5,89.4,3.4,9.4,6.6,0.29,14.9,84.4,80.2,6.622000000000001,19.0,21.0,21.65,12.53,29.86
0.0,0.8821786731184078,0.0,6.2,66.0,5.2,11.2,7.1,0.201,35.15,83.5,78.4,9.896,14.1,25.1,6.35,-11.08,20.08
0.0,0.0895725775743308,0.0,5.2,54.6,3.4,6.0,63.0,0.19899999999999998,23.45,74.6,68.6,6.808,23.3,10.1,11.95,-5.99,26.68
0.0,5.179225577818778,4.0,1.3,88.8,0.9,5.0,11.0,0.298,28.2,77.5,75.6,2.416,19.7,4.6,27.15,12.16,37.69
0.0,0.0634758687492535,0.0,0.5,76.7,4.1,5.7,31.0,0.245,28.4,77.7,66.5,12.557,16.7,21.3,6.15,-16.53,22.81
0.0,1.4645566882230923,1.0,8.3,97.9,3.0,10.6,9.0,0.221,23.25,83.0,78.0,9.789,17.1,24.6,9.55,-6.08,22.84
0.0,0.13104579788544501,0.0,2.4,38.6,0.3,3.6,149.0,0.064,7.4,68.9,68.6,6.265,26.5,7.3,7.4,0.98,19.31
0.0,0.09088155104513784,0.0,25.4,39.8,1.9,9.6,25.0,0.179,38.6,78.8,73.7,10.8,14.1,23.4,9.85,-6.53,24.04
0.0,0.006159691606416156,0.0,12.4,85.7,1.9,8.3,45.0,0.221,15.3,78.4,71.0,6.502999999999999,21.7,12.6,24.95,21.8,27.15
0.0,0.006065553346481027,1.0,0.3,20.7,0.2,5.7,302.0,0.039,23.45,69.6,65.5,6.019,31.3,7.1,26.8,21.9,30.43
0.0,0.003864528191346703,0.0,4.6,54.4,1.9,4.1,186.0,0.114,22.35,57.7,55.1,9.191,42.7,4.8,24.6,21.72,27.72
0.0,0.14434239170050495,8.0,7.1,81.8,2.5,10.4,5.6,0.294,14.95,83.8,79.7,7.757999999999999,16.0,23.5,-5.35,-28.74,14.8
0.0,0.021105909559700122,0.0,6.8,89.5,1.9,7.8,18.0,0.28,38.0,81.3,76.2,6.215,20.3,16.0,8.45,3.21,15.49
0.0,0.0019865138356814954,0.0,3.2,100.0,1.9,5.6,33.0,0.223,11.1,86.2,80.3,5.606,13.3,16.1,24.5,22.92,27.21
0.0,0.019811548587525738,0.0,4.6,55.6,1.5,5.5,10.0,0.257,13.4,77.2,74.2,5.122000000000001,17.7,16.2,24.8,22.99,28.86
0.0,0.2905355150613611,0.0,10.5,76.4,1.9,7.2,8.4,0.244,36.45,77.4,70.2,13.17,23.5,11.6,10.9,-5.81,25.51
0.0,0.17774935451257434,0.0,8.6,76.8,1.2,9.3,5.4,0.26,34.3,81.7,76.7,10.571,21.6,13.6,7.55,-11.62,22.09
0.0,0.39848395911485274,1.0,11.7,59.0,3.1,7.8,5.4,0.19699999999999998,17.0,80.4,73.6,9.783,14.7,26.8,7.5,-36.83,0.7
0.0,0.01862378081746851,0.0,3.9,73.0,3.7,7.4,45.0,0.276,14.1,81.2,75.1,6.1770000000000005,15.4,25.6,24.55,21.86,28.58
0.0,0.07482590601797133,0.0,6.0,87.7,3.6,10.8,44.0,0.19899999999999998,8.65,82.2,78.1,5.121,16.5,25.3,21.85,19.77,24.34
0.0,0.014942014077708215,1.0,14.4,79.0,1.5,4.4,12.0,0.32,25.1,76.4,70.2,5.808,29.3,10.2,22.1,10.95,32.59
0.0,0.7543480622306977,0.0,5.8,63.7,1.7,9.2,13.0,0.212,33.05,78.4,72.8,11.727,28.4,10.5,5.1,-16.55,22.33
0.0,2.028809089064719,0.0,11.5,43.1,0.8,5.6,8.0,0.56,27.0,73.0,68.7,8.8,33.5,7.9,6.5,-1.17,13.46
0.0,0.27114202853281794,1.0,7.2,67.5,3.3,6.4,4.7,0.222,20.85,81.2,71.8,9.795,16.4,25.9,1.7,-21.2,19.13
11.0,1.457091913542154,12.0,4.0,42.0,1.9,5.6,8.9,0.21600000000000003,27.7,84.5,78.3,9.317,21.0,22.5,10.7,1.6,23.66
0.0,0.10008094046059751,0.0,8.9,84.2,3.0,9.7,80.0,0.217,31.7,83.7,77.7,12.815999999999999,16.4,27.8,5.8,-8.59,22.97
0.0,0.95669093656271,18.0,9.8,79.5,3.2,11.5,7.3,0.223,30.35,85.0,78.8,11.275,18.1,25.7,8.5,-9.3,22.34
0.0,0.4392055916600587,0.0,11.4,53.6,4.8,7.4,4.5,0.249,42.65,77.0,68.5,10.924000000000001,19.2,20.8,15.4,1.22,28.43
2.0,1.4523636815482843,51.0,4.2,75.3,4.1,11.3,67.0,0.299,10.5,82.9,77.9,6.716,13.1,28.0,20.0,11.62,29.68
0.0,0.041302349824914174,0.0,23.0,78.0,6.3,8.1,6.4,0.264,28.4,83.3,78.0,12.613,14.2,26.5,9.75,-9.82,24.93
0.0,14.747913907577773,0.0,4.5,71.2,3.3,7.4,2.7,0.21899999999999997,16.05,78.8,71.7,6.736000000000001,14.3,26.0,1.75,-10.01,11.89
0.0,0.00248825806752508,3.0,3.6,94.1,3.8,8.9,199.0,0.039,11.15,83.8,80.6,7.273,20.1,20.1,23.65,14.39,31.33
0.0,0.0014780569439765572,0.0,3.4,32.7,0.7,4.7,316.0,0.069,39.9,69.1,66.2,6.51,27.8,9.4,25.85,23.73,27.48
145.0,7.022947393167075,1669.0,5.8,53.7,0.2,2.8,14.0,0.258,11.1,70.7,66.6,4.8660000000000005,27.4,8.6,17.25,-0.02,31.65
4.0,0.13737038436462495,0.0,11.3,73.4,1.5,7.5,42.0,0.304,19.5,76.2,74.0,4.773,23.7,8.8,21.4,3.84,37.4
0.0,0.3686639720061157,0.0,16.1,69.5,0.9,5.5,7.0,0.253,22.15,71.4,67.0,6.138999999999999,40.4,5.0,9.3,0.27,18.09
0.0,0.24649689760178473,2.0,7.6,63.2,2.8,7.8,4.0,0.261,30.25,83.0,78.7,5.327999999999999,21.6,19.1,19.2,7.17,30.46
233.0,9.715925207359364,589.0,5.9,92.1,3.6,7.8,7.0,0.19899999999999998,24.0,83.7,80.0,10.565999999999999,27.9,16.1,13.45,-1.22,26.12
6.0,0.36339185416247755,76.0,11.4,69.0,3.9,9.2,14.0,0.043,22.15,84.7,79.9,10.645999999999999,13.5,29.4,11.15,-2.26,26.64
0.0,0.009899329755979543,0.0,3.0,93.5,2.3,10.2,5.0,0.355,40.45,86.4,80.0,3.887,12.9,33.4,18.3,4.99,31.79
0.0,1.449935739323422,0.0,13.4,83.7,2.6,7.5,23.0,0.379,22.5,75.5,72.2,2.787,35.5,5.7,25.35,8.07,38.84
0.0,0.05244545279568353,0.0,2.2,98.3,1.9,3.0,29.0,0.23600000000000002,36.6,75.5,73.5,14.669,21.1,4.9,5.6,-15.78,22.28
0.0,0.3209002477204048,1.0,9.6,67.4,3.2,5.9,11.0,0.32,38.2,78.7,68.8,4.419,15.4,26.2,16.4,4.55,29.44
0.0,2.6302638154606908,0.0,7.0,87.8,2.4,6.4,8.0,0.2,23.3,80.9,77.3,7.6,23.1,12.0,5.65,-12.01,18.44
0.0,0.03623678127515059,0.0,2.6,14.3,1.9,5.6,44.0,0.263,30.15,77.0,70.88,13.737,14.9,22.7,6.2,-15.18,21.79
0.0,0.32481822360161694,0.0,9.2,66.5,4.3,6.6,8.0,0.226,23.6,79.3,68.5,7.125,14.8,25.3,8.65,-7.17,23.14
0.0,1.550625599898279,10.0,5.6,90.2,2.9,6.9,60.0,0.3,24.7,83.4,78.8,4.002,16.4,19.6,20.0,10.76,29.77
0.0,0.2910818438576269,23.0,3.3,74.7,1.3,4.2,92.0,0.156,22.2,77.1,72.6,5.138999999999999,24.3,9.7,25.4,-6.2,24.69
0.0,0.6812422224846267,0.0,5.4,95.4,3.9,9.7,14.0,0.289,24.95,82.0,78.6,8.385,14.4,26.1,19.2,23.53,28.26
0.0,0.004703096312459735,1.0,4.1,79.2,2.1,6.3,23.0,0.289,13.7,78.9,74.0,6.039,26.7,10.1,21.0,8.4,29.08
0.0,2.56647161482394,0.0,4.97,100.0,6.6,4.3,0.0,0.3,27.7,77.0,70.88,10.1,16.0,10.2,13.55,12.06,26.93
0.0,0.0054836934287448465,0.0,10.4,60.2,0.6,5.9,99.0,0.261,23.4,76.0,73.7,5.072,27.4,10.7,17.1,-5.36,23.04
0.0,0.003495438976451577,1.0,3.0,18.6,1.9,5.8,151.0,0.040999999999999995,24.1,70.4,67.4,6.358,30.9,8.8,8.1,7.12,28.91
1.0,1.099599757386181,0.0,5.6,90.5,3.4,10.9,5.3,0.204,25.05,83.1,79.4,8.812000000000001,16.4,25.0,9.25,2.68,23.44
0.0,0.10453552462093851,0.0,5.5,86.3,2.9,11.0,7.3,0.308,13.0,83.1,79.5,7.0329999999999995,19.8,20.8,10.55,-5.42,21.96
0.0,0.0004976025533858,0.0,5.4,47.8,1.9,3.7,219.0,0.08900000000000001,9.25,52.6,51.2,11.770999999999999,44.0,4.5,26.8,3.34,17.7
0.0,0.1444321409657696,0.0,5.1,80.5,4.4,9.7,13.0,0.19,39.0,83.6,79.5,10.017000000000001,17.8,22.3,9.5,22.3,31.83
0.0,2.7329226264985294,0.0,17.8,77.6,1.5,3.6,4.1,0.231,22.25,78.7,74.5,7.979,21.8,4.0,1.5,-15.51,15.31
0.0,0.32160894523120265,2.0,5.9,38.8,0.8,2.6,5.9,0.27,11.0,66.8,65.0,2.4459999999999997,34.8,6.7,25.6,17.56,35.1
0.0,0.002770526719333702,0.0,5.3,78.6,1.1,5.5,265.0,0.086,22.45,76.8,71.5,6.934,27.4,10.4,20.2,5.95,31.23
0.0,0.0030759337619811083,0.0,5.9,44.4,1.9,4.7,123.0,0.19699999999999998,5.0,72.1,65.4,5.539,31.7,7.6,19.6,17.32,22.72
1.0,0.005549563311799948,1.0,5.3,60.5,2.3,6.4,554.0,0.064,25.75,81.0,72.9,5.9,14.8,24.0,25.85,22.98,29.16
0.0,0.013196871349085542,0.0,10.5,63.5,4.4,9.5,16.0,0.231,28.05,83.5,77.3,10.201,13.6,27.9,7.85,-13.11,22.51
0.0,0.1955763179374678,0.0,0.3,99.2,2.0,2.2,24.0,0.20800000000000002,22.6,79.4,76.8,10.702,13.9,2.8,15.15,4.25,25.79
0.0,0.28247919275921085,0.0,3.6,82.5,2.2,7.4,31.0,0.35100000000000003,28.0,84.4,77.9,1.244,13.5,20.1,27.15,13.89,37.6
0.0,0.04647666352501635,3.0,7.1,54.6,2.7,5.6,68.0,0.225,29.8,78.4,71.4,13.099,15.3,24.9,8.8,-10.92,24.02
0.0,0.00891190714154719,2.0,5.8,74.0,3.3,7.1,54.0,0.231,40.9,75.9,64.7,12.785,17.6,21.1,-5.1,-30.58,16.89
1.0,67.92675723567632,0.0,6.6,94.2,6.4,6.1,0.0,0.2,15.2,86.4,81.7,8.8,15.0,24.1,11.85,-0.27,27.27
0.0,0.014590647138388904,0.0,5.5,83.1,2.6,4.7,10.0,0.354,15.4,75.6,72.7,3.513,25.2,5.6,24.65,12.76,36.5
0.0,0.024545352570671593,0.0,9.3,43.7,1.9,4.7,118.0,0.08800000000000001,12.05,67.5,63.8,5.691,42.9,4.7,27.85,21.54,32.87
0.0,0.011399603407797443,0.0,15.5,55.6,2.5,10.4,17.0,0.215,41.65,77.5,71.8,13.194,16.5,24.5,10.55,-8.43,24.45
0.0,2.377532524386506,78.0,2.0,100.0,1.9,4.9,47.0,0.061,16.5,84.5,80.1,4.6,15.0,19.5,26.45,24.03,28.88
0.0,0.3367563817739749,0.0,8.1,49.7,2.8,9.2,5.3,0.20199999999999999,20.2,83.2,77.2,10.044,15.0,26.3,8.9,-7.15,24.03
0.0,0.0017077007227160228,0.0,26.0,64.8,0.8,8.8,520.0,0.28300000000000003,18.95,63.0,56.1,9.494,29.0,8.4,17.75,8.53,24.65
44.0,13.74515893589161,135.0,18.3,79.6,3.8,9.0,66.0,0.047,27.0,85.3,79.6,6.111000000000001,14.7,25.3,11.5,-6.23,28.07
10.0,1.0698213329905342,30.0,5.2,18.4,1.9,3.5,9.4,0.23800000000000002,29.2,78.0,71.2,9.115,24.0,14.9,13.3,1.72,26.03
0.0,0.004689610397954243,1.0,7.3,85.8,4.1,11.9,64.0,0.052000000000000005,14.4,83.7,80.0,6.7170000000000005,17.5,25.5,26.95,23.16,29.74
0.0,1.6041642110167422,0.0,4.6,73.9,4.1,11.7,5.5,0.20600000000000002,20.6,84.8,80.5,9.165,14.9,24.1,2.1,-16.61,17.93
1.0,3.1194111762217065,3.0,0.6,50.4,1.9,4.1,6.4,0.195,23.3,78.4,70.8,8.051,17.3,16.9,5.5,-8.81,21.09
1.0,0.07181268517080404,31.0,27.3,57.1,2.8,6.5,153.0,0.1,21.85,77.2,73.2,7.746,16.7,19.5,26.3,20.1,30.44
0.0,0.012372614652689571,0.0,6.8,40.0,1.9,5.2,36.0,0.084,8.0,59.8,58.3,8.426,41.6,4.6,27.15,22.66,30.98
0.0,0.00855086813116245,0.0,14.6,66.8,1.6,7.0,35.0,0.26899999999999996,22.0,77.1,73.0,6.267,24.0,12.3,19.2,6.32,33.81
0.0,0.0022730559359514665,0.0,8.8,69.7,3.0,7.1,80.0,0.24100000000000002,31.7,76.0,66.1,15.192,15.5,23.2,8.3,-14.72,24.3
0.0,0.460568716391917,7.0,3.7,85.5,1.6,3.6,1.0,0.317,30.0,78.2,76.0,1.5190000000000001,13.9,2.4,27.0,15.74,37.75
2.0,0.30504883061752014,18.0,5.0,82.6,2.8,9.1,8.0,0.278,19.15,82.8,79.0,9.398,17.7,23.9,8.45,-1.47,17.29
17.0,0.1267227159314586,8.0,4.9,81.6,2.6,17.1,3.0,0.36200000000000004,17.25,81.2,76.5,8.782,18.9,21.5,8.55,-7.58,23.01
0.0,0.018660177292832484,16.0,2.2,33.6,1.2,7.1,182.0,0.021,24.2,80.3,70.7,6.354,23.1,11.1,24.45,16.56,28.56
